/*--------------------------------*- C++ -*----------------------------------*\
| =========                 |                                                 |
| \\      /  F ield         | OpenFOAM: The Open Source CFD Toolbox           |
|  \\    /   O peration     | Version:  2312                                  |
|   \\  /    A nd           | Website:  www.openfoam.com                      |
|    \\/     M anipulation  |                                                 |
\*---------------------------------------------------------------------------*/
FoamFile
{
    version     2.0;
    format      ascii;
    arch        "LSB;label=32;scalar=64";
    class       vectorField;
    location    "constant/polyMesh";
    object      points;
}
// * * * * * * * * * * * * * * * * * * * * * * * * * * * * * * * * * * * * * //


1922
(
(0 0 0)
(0.03333333333 0 0)
(0.06666666667 0 0)
(0.1 0 0)
(0.1333333333 0 0)
(0.1666666667 0 0)
(0.2 0 0)
(0.2333333333 0 0)
(0.2666666667 0 0)
(0.3 0 0)
(0.3333333333 0 0)
(0.3666666667 0 0)
(0.4 0 0)
(0.4333333333 0 0)
(0.4666666667 0 0)
(0.5 0 0)
(0.5333333333 0 0)
(0.5666666667 0 0)
(0.6 0 0)
(0.6333333333 0 0)
(0.6666666667 0 0)
(0.7 0 0)
(0.7333333333 0 0)
(0.7666666667 0 0)
(0.8 0 0)
(0.8333333333 0 0)
(0.8666666667 0 0)
(0.9 0 0)
(0.9333333333 0 0)
(0.9666666667 0 0)
(1 0 0)
(0 0.03333333333 0)
(0.03333333333 0.03333333333 0)
(0.06666666667 0.03333333333 0)
(0.1 0.03333333333 0)
(0.1333333333 0.03333333333 0)
(0.1666666667 0.03333333333 0)
(0.2 0.03333333333 0)
(0.2333333333 0.03333333333 0)
(0.2666666667 0.03333333333 0)
(0.3 0.03333333333 0)
(0.3333333333 0.03333333333 0)
(0.3666666667 0.03333333333 0)
(0.4 0.03333333333 0)
(0.4333333333 0.03333333333 0)
(0.4666666667 0.03333333333 0)
(0.5 0.03333333333 0)
(0.5333333333 0.03333333333 0)
(0.5666666667 0.03333333333 0)
(0.6 0.03333333333 0)
(0.6333333333 0.03333333333 0)
(0.6666666667 0.03333333333 0)
(0.7 0.03333333333 0)
(0.7333333333 0.03333333333 0)
(0.7666666667 0.03333333333 0)
(0.8 0.03333333333 0)
(0.8333333333 0.03333333333 0)
(0.8666666667 0.03333333333 0)
(0.9 0.03333333333 0)
(0.9333333333 0.03333333333 0)
(0.9666666667 0.03333333333 0)
(1 0.03333333333 0)
(0 0.06666666667 0)
(0.03333333333 0.06666666667 0)
(0.06666666667 0.06666666667 0)
(0.1 0.06666666667 0)
(0.1333333333 0.06666666667 0)
(0.1666666667 0.06666666667 0)
(0.2 0.06666666667 0)
(0.2333333333 0.06666666667 0)
(0.2666666667 0.06666666667 0)
(0.3 0.06666666667 0)
(0.3333333333 0.06666666667 0)
(0.3666666667 0.06666666667 0)
(0.4 0.06666666667 0)
(0.4333333333 0.06666666667 0)
(0.4666666667 0.06666666667 0)
(0.5 0.06666666667 0)
(0.5333333333 0.06666666667 0)
(0.5666666667 0.06666666667 0)
(0.6 0.06666666667 0)
(0.6333333333 0.06666666667 0)
(0.6666666667 0.06666666667 0)
(0.7 0.06666666667 0)
(0.7333333333 0.06666666667 0)
(0.7666666667 0.06666666667 0)
(0.8 0.06666666667 0)
(0.8333333333 0.06666666667 0)
(0.8666666667 0.06666666667 0)
(0.9 0.06666666667 0)
(0.9333333333 0.06666666667 0)
(0.9666666667 0.06666666667 0)
(1 0.06666666667 0)
(0 0.1 0)
(0.03333333333 0.1 0)
(0.06666666667 0.1 0)
(0.1 0.1 0)
(0.1333333333 0.1 0)
(0.1666666667 0.1 0)
(0.2 0.1 0)
(0.2333333333 0.1 0)
(0.2666666667 0.1 0)
(0.3 0.1 0)
(0.3333333333 0.1 0)
(0.3666666667 0.1 0)
(0.4 0.1 0)
(0.4333333333 0.1 0)
(0.4666666667 0.1 0)
(0.5 0.1 0)
(0.5333333333 0.1 0)
(0.5666666667 0.1 0)
(0.6 0.1 0)
(0.6333333333 0.1 0)
(0.6666666667 0.1 0)
(0.7 0.1 0)
(0.7333333333 0.1 0)
(0.7666666667 0.1 0)
(0.8 0.1 0)
(0.8333333333 0.1 0)
(0.8666666667 0.1 0)
(0.9 0.1 0)
(0.9333333333 0.1 0)
(0.9666666667 0.1 0)
(1 0.1 0)
(0 0.1333333333 0)
(0.03333333333 0.1333333333 0)
(0.06666666667 0.1333333333 0)
(0.1 0.1333333333 0)
(0.1333333333 0.1333333333 0)
(0.1666666667 0.1333333333 0)
(0.2 0.1333333333 0)
(0.2333333333 0.1333333333 0)
(0.2666666667 0.1333333333 0)
(0.3 0.1333333333 0)
(0.3333333333 0.1333333333 0)
(0.3666666667 0.1333333333 0)
(0.4 0.1333333333 0)
(0.4333333333 0.1333333333 0)
(0.4666666667 0.1333333333 0)
(0.5 0.1333333333 0)
(0.5333333333 0.1333333333 0)
(0.5666666667 0.1333333333 0)
(0.6 0.1333333333 0)
(0.6333333333 0.1333333333 0)
(0.6666666667 0.1333333333 0)
(0.7 0.1333333333 0)
(0.7333333333 0.1333333333 0)
(0.7666666667 0.1333333333 0)
(0.8 0.1333333333 0)
(0.8333333333 0.1333333333 0)
(0.8666666667 0.1333333333 0)
(0.9 0.1333333333 0)
(0.9333333333 0.1333333333 0)
(0.9666666667 0.1333333333 0)
(1 0.1333333333 0)
(0 0.1666666667 0)
(0.03333333333 0.1666666667 0)
(0.06666666667 0.1666666667 0)
(0.1 0.1666666667 0)
(0.1333333333 0.1666666667 0)
(0.1666666667 0.1666666667 0)
(0.2 0.1666666667 0)
(0.2333333333 0.1666666667 0)
(0.2666666667 0.1666666667 0)
(0.3 0.1666666667 0)
(0.3333333333 0.1666666667 0)
(0.3666666667 0.1666666667 0)
(0.4 0.1666666667 0)
(0.4333333333 0.1666666667 0)
(0.4666666667 0.1666666667 0)
(0.5 0.1666666667 0)
(0.5333333333 0.1666666667 0)
(0.5666666667 0.1666666667 0)
(0.6 0.1666666667 0)
(0.6333333333 0.1666666667 0)
(0.6666666667 0.1666666667 0)
(0.7 0.1666666667 0)
(0.7333333333 0.1666666667 0)
(0.7666666667 0.1666666667 0)
(0.8 0.1666666667 0)
(0.8333333333 0.1666666667 0)
(0.8666666667 0.1666666667 0)
(0.9 0.1666666667 0)
(0.9333333333 0.1666666667 0)
(0.9666666667 0.1666666667 0)
(1 0.1666666667 0)
(0 0.2 0)
(0.03333333333 0.2 0)
(0.06666666667 0.2 0)
(0.1 0.2 0)
(0.1333333333 0.2 0)
(0.1666666667 0.2 0)
(0.2 0.2 0)
(0.2333333333 0.2 0)
(0.2666666667 0.2 0)
(0.3 0.2 0)
(0.3333333333 0.2 0)
(0.3666666667 0.2 0)
(0.4 0.2 0)
(0.4333333333 0.2 0)
(0.4666666667 0.2 0)
(0.5 0.2 0)
(0.5333333333 0.2 0)
(0.5666666667 0.2 0)
(0.6 0.2 0)
(0.6333333333 0.2 0)
(0.6666666667 0.2 0)
(0.7 0.2 0)
(0.7333333333 0.2 0)
(0.7666666667 0.2 0)
(0.8 0.2 0)
(0.8333333333 0.2 0)
(0.8666666667 0.2 0)
(0.9 0.2 0)
(0.9333333333 0.2 0)
(0.9666666667 0.2 0)
(1 0.2 0)
(0 0.2333333333 0)
(0.03333333333 0.2333333333 0)
(0.06666666667 0.2333333333 0)
(0.1 0.2333333333 0)
(0.1333333333 0.2333333333 0)
(0.1666666667 0.2333333333 0)
(0.2 0.2333333333 0)
(0.2333333333 0.2333333333 0)
(0.2666666667 0.2333333333 0)
(0.3 0.2333333333 0)
(0.3333333333 0.2333333333 0)
(0.3666666667 0.2333333333 0)
(0.4 0.2333333333 0)
(0.4333333333 0.2333333333 0)
(0.4666666667 0.2333333333 0)
(0.5 0.2333333333 0)
(0.5333333333 0.2333333333 0)
(0.5666666667 0.2333333333 0)
(0.6 0.2333333333 0)
(0.6333333333 0.2333333333 0)
(0.6666666667 0.2333333333 0)
(0.7 0.2333333333 0)
(0.7333333333 0.2333333333 0)
(0.7666666667 0.2333333333 0)
(0.8 0.2333333333 0)
(0.8333333333 0.2333333333 0)
(0.8666666667 0.2333333333 0)
(0.9 0.2333333333 0)
(0.9333333333 0.2333333333 0)
(0.9666666667 0.2333333333 0)
(1 0.2333333333 0)
(0 0.2666666667 0)
(0.03333333333 0.2666666667 0)
(0.06666666667 0.2666666667 0)
(0.1 0.2666666667 0)
(0.1333333333 0.2666666667 0)
(0.1666666667 0.2666666667 0)
(0.2 0.2666666667 0)
(0.2333333333 0.2666666667 0)
(0.2666666667 0.2666666667 0)
(0.3 0.2666666667 0)
(0.3333333333 0.2666666667 0)
(0.3666666667 0.2666666667 0)
(0.4 0.2666666667 0)
(0.4333333333 0.2666666667 0)
(0.4666666667 0.2666666667 0)
(0.5 0.2666666667 0)
(0.5333333333 0.2666666667 0)
(0.5666666667 0.2666666667 0)
(0.6 0.2666666667 0)
(0.6333333333 0.2666666667 0)
(0.6666666667 0.2666666667 0)
(0.7 0.2666666667 0)
(0.7333333333 0.2666666667 0)
(0.7666666667 0.2666666667 0)
(0.8 0.2666666667 0)
(0.8333333333 0.2666666667 0)
(0.8666666667 0.2666666667 0)
(0.9 0.2666666667 0)
(0.9333333333 0.2666666667 0)
(0.9666666667 0.2666666667 0)
(1 0.2666666667 0)
(0 0.3 0)
(0.03333333333 0.3 0)
(0.06666666667 0.3 0)
(0.1 0.3 0)
(0.1333333333 0.3 0)
(0.1666666667 0.3 0)
(0.2 0.3 0)
(0.2333333333 0.3 0)
(0.2666666667 0.3 0)
(0.3 0.3 0)
(0.3333333333 0.3 0)
(0.3666666667 0.3 0)
(0.4 0.3 0)
(0.4333333333 0.3 0)
(0.4666666667 0.3 0)
(0.5 0.3 0)
(0.5333333333 0.3 0)
(0.5666666667 0.3 0)
(0.6 0.3 0)
(0.6333333333 0.3 0)
(0.6666666667 0.3 0)
(0.7 0.3 0)
(0.7333333333 0.3 0)
(0.7666666667 0.3 0)
(0.8 0.3 0)
(0.8333333333 0.3 0)
(0.8666666667 0.3 0)
(0.9 0.3 0)
(0.9333333333 0.3 0)
(0.9666666667 0.3 0)
(1 0.3 0)
(0 0.3333333333 0)
(0.03333333333 0.3333333333 0)
(0.06666666667 0.3333333333 0)
(0.1 0.3333333333 0)
(0.1333333333 0.3333333333 0)
(0.1666666667 0.3333333333 0)
(0.2 0.3333333333 0)
(0.2333333333 0.3333333333 0)
(0.2666666667 0.3333333333 0)
(0.3 0.3333333333 0)
(0.3333333333 0.3333333333 0)
(0.3666666667 0.3333333333 0)
(0.4 0.3333333333 0)
(0.4333333333 0.3333333333 0)
(0.4666666667 0.3333333333 0)
(0.5 0.3333333333 0)
(0.5333333333 0.3333333333 0)
(0.5666666667 0.3333333333 0)
(0.6 0.3333333333 0)
(0.6333333333 0.3333333333 0)
(0.6666666667 0.3333333333 0)
(0.7 0.3333333333 0)
(0.7333333333 0.3333333333 0)
(0.7666666667 0.3333333333 0)
(0.8 0.3333333333 0)
(0.8333333333 0.3333333333 0)
(0.8666666667 0.3333333333 0)
(0.9 0.3333333333 0)
(0.9333333333 0.3333333333 0)
(0.9666666667 0.3333333333 0)
(1 0.3333333333 0)
(0 0.3666666667 0)
(0.03333333333 0.3666666667 0)
(0.06666666667 0.3666666667 0)
(0.1 0.3666666667 0)
(0.1333333333 0.3666666667 0)
(0.1666666667 0.3666666667 0)
(0.2 0.3666666667 0)
(0.2333333333 0.3666666667 0)
(0.2666666667 0.3666666667 0)
(0.3 0.3666666667 0)
(0.3333333333 0.3666666667 0)
(0.3666666667 0.3666666667 0)
(0.4 0.3666666667 0)
(0.4333333333 0.3666666667 0)
(0.4666666667 0.3666666667 0)
(0.5 0.3666666667 0)
(0.5333333333 0.3666666667 0)
(0.5666666667 0.3666666667 0)
(0.6 0.3666666667 0)
(0.6333333333 0.3666666667 0)
(0.6666666667 0.3666666667 0)
(0.7 0.3666666667 0)
(0.7333333333 0.3666666667 0)
(0.7666666667 0.3666666667 0)
(0.8 0.3666666667 0)
(0.8333333333 0.3666666667 0)
(0.8666666667 0.3666666667 0)
(0.9 0.3666666667 0)
(0.9333333333 0.3666666667 0)
(0.9666666667 0.3666666667 0)
(1 0.3666666667 0)
(0 0.4 0)
(0.03333333333 0.4 0)
(0.06666666667 0.4 0)
(0.1 0.4 0)
(0.1333333333 0.4 0)
(0.1666666667 0.4 0)
(0.2 0.4 0)
(0.2333333333 0.4 0)
(0.2666666667 0.4 0)
(0.3 0.4 0)
(0.3333333333 0.4 0)
(0.3666666667 0.4 0)
(0.4 0.4 0)
(0.4333333333 0.4 0)
(0.4666666667 0.4 0)
(0.5 0.4 0)
(0.5333333333 0.4 0)
(0.5666666667 0.4 0)
(0.6 0.4 0)
(0.6333333333 0.4 0)
(0.6666666667 0.4 0)
(0.7 0.4 0)
(0.7333333333 0.4 0)
(0.7666666667 0.4 0)
(0.8 0.4 0)
(0.8333333333 0.4 0)
(0.8666666667 0.4 0)
(0.9 0.4 0)
(0.9333333333 0.4 0)
(0.9666666667 0.4 0)
(1 0.4 0)
(0 0.4333333333 0)
(0.03333333333 0.4333333333 0)
(0.06666666667 0.4333333333 0)
(0.1 0.4333333333 0)
(0.1333333333 0.4333333333 0)
(0.1666666667 0.4333333333 0)
(0.2 0.4333333333 0)
(0.2333333333 0.4333333333 0)
(0.2666666667 0.4333333333 0)
(0.3 0.4333333333 0)
(0.3333333333 0.4333333333 0)
(0.3666666667 0.4333333333 0)
(0.4 0.4333333333 0)
(0.4333333333 0.4333333333 0)
(0.4666666667 0.4333333333 0)
(0.5 0.4333333333 0)
(0.5333333333 0.4333333333 0)
(0.5666666667 0.4333333333 0)
(0.6 0.4333333333 0)
(0.6333333333 0.4333333333 0)
(0.6666666667 0.4333333333 0)
(0.7 0.4333333333 0)
(0.7333333333 0.4333333333 0)
(0.7666666667 0.4333333333 0)
(0.8 0.4333333333 0)
(0.8333333333 0.4333333333 0)
(0.8666666667 0.4333333333 0)
(0.9 0.4333333333 0)
(0.9333333333 0.4333333333 0)
(0.9666666667 0.4333333333 0)
(1 0.4333333333 0)
(0 0.4666666667 0)
(0.03333333333 0.4666666667 0)
(0.06666666667 0.4666666667 0)
(0.1 0.4666666667 0)
(0.1333333333 0.4666666667 0)
(0.1666666667 0.4666666667 0)
(0.2 0.4666666667 0)
(0.2333333333 0.4666666667 0)
(0.2666666667 0.4666666667 0)
(0.3 0.4666666667 0)
(0.3333333333 0.4666666667 0)
(0.3666666667 0.4666666667 0)
(0.4 0.4666666667 0)
(0.4333333333 0.4666666667 0)
(0.4666666667 0.4666666667 0)
(0.5 0.4666666667 0)
(0.5333333333 0.4666666667 0)
(0.5666666667 0.4666666667 0)
(0.6 0.4666666667 0)
(0.6333333333 0.4666666667 0)
(0.6666666667 0.4666666667 0)
(0.7 0.4666666667 0)
(0.7333333333 0.4666666667 0)
(0.7666666667 0.4666666667 0)
(0.8 0.4666666667 0)
(0.8333333333 0.4666666667 0)
(0.8666666667 0.4666666667 0)
(0.9 0.4666666667 0)
(0.9333333333 0.4666666667 0)
(0.9666666667 0.4666666667 0)
(1 0.4666666667 0)
(0 0.5 0)
(0.03333333333 0.5 0)
(0.06666666667 0.5 0)
(0.1 0.5 0)
(0.1333333333 0.5 0)
(0.1666666667 0.5 0)
(0.2 0.5 0)
(0.2333333333 0.5 0)
(0.2666666667 0.5 0)
(0.3 0.5 0)
(0.3333333333 0.5 0)
(0.3666666667 0.5 0)
(0.4 0.5 0)
(0.4333333333 0.5 0)
(0.4666666667 0.5 0)
(0.5 0.5 0)
(0.5333333333 0.5 0)
(0.5666666667 0.5 0)
(0.6 0.5 0)
(0.6333333333 0.5 0)
(0.6666666667 0.5 0)
(0.7 0.5 0)
(0.7333333333 0.5 0)
(0.7666666667 0.5 0)
(0.8 0.5 0)
(0.8333333333 0.5 0)
(0.8666666667 0.5 0)
(0.9 0.5 0)
(0.9333333333 0.5 0)
(0.9666666667 0.5 0)
(1 0.5 0)
(0 0.5333333333 0)
(0.03333333333 0.5333333333 0)
(0.06666666667 0.5333333333 0)
(0.1 0.5333333333 0)
(0.1333333333 0.5333333333 0)
(0.1666666667 0.5333333333 0)
(0.2 0.5333333333 0)
(0.2333333333 0.5333333333 0)
(0.2666666667 0.5333333333 0)
(0.3 0.5333333333 0)
(0.3333333333 0.5333333333 0)
(0.3666666667 0.5333333333 0)
(0.4 0.5333333333 0)
(0.4333333333 0.5333333333 0)
(0.4666666667 0.5333333333 0)
(0.5 0.5333333333 0)
(0.5333333333 0.5333333333 0)
(0.5666666667 0.5333333333 0)
(0.6 0.5333333333 0)
(0.6333333333 0.5333333333 0)
(0.6666666667 0.5333333333 0)
(0.7 0.5333333333 0)
(0.7333333333 0.5333333333 0)
(0.7666666667 0.5333333333 0)
(0.8 0.5333333333 0)
(0.8333333333 0.5333333333 0)
(0.8666666667 0.5333333333 0)
(0.9 0.5333333333 0)
(0.9333333333 0.5333333333 0)
(0.9666666667 0.5333333333 0)
(1 0.5333333333 0)
(0 0.5666666667 0)
(0.03333333333 0.5666666667 0)
(0.06666666667 0.5666666667 0)
(0.1 0.5666666667 0)
(0.1333333333 0.5666666667 0)
(0.1666666667 0.5666666667 0)
(0.2 0.5666666667 0)
(0.2333333333 0.5666666667 0)
(0.2666666667 0.5666666667 0)
(0.3 0.5666666667 0)
(0.3333333333 0.5666666667 0)
(0.3666666667 0.5666666667 0)
(0.4 0.5666666667 0)
(0.4333333333 0.5666666667 0)
(0.4666666667 0.5666666667 0)
(0.5 0.5666666667 0)
(0.5333333333 0.5666666667 0)
(0.5666666667 0.5666666667 0)
(0.6 0.5666666667 0)
(0.6333333333 0.5666666667 0)
(0.6666666667 0.5666666667 0)
(0.7 0.5666666667 0)
(0.7333333333 0.5666666667 0)
(0.7666666667 0.5666666667 0)
(0.8 0.5666666667 0)
(0.8333333333 0.5666666667 0)
(0.8666666667 0.5666666667 0)
(0.9 0.5666666667 0)
(0.9333333333 0.5666666667 0)
(0.9666666667 0.5666666667 0)
(1 0.5666666667 0)
(0 0.6 0)
(0.03333333333 0.6 0)
(0.06666666667 0.6 0)
(0.1 0.6 0)
(0.1333333333 0.6 0)
(0.1666666667 0.6 0)
(0.2 0.6 0)
(0.2333333333 0.6 0)
(0.2666666667 0.6 0)
(0.3 0.6 0)
(0.3333333333 0.6 0)
(0.3666666667 0.6 0)
(0.4 0.6 0)
(0.4333333333 0.6 0)
(0.4666666667 0.6 0)
(0.5 0.6 0)
(0.5333333333 0.6 0)
(0.5666666667 0.6 0)
(0.6 0.6 0)
(0.6333333333 0.6 0)
(0.6666666667 0.6 0)
(0.7 0.6 0)
(0.7333333333 0.6 0)
(0.7666666667 0.6 0)
(0.8 0.6 0)
(0.8333333333 0.6 0)
(0.8666666667 0.6 0)
(0.9 0.6 0)
(0.9333333333 0.6 0)
(0.9666666667 0.6 0)
(1 0.6 0)
(0 0.6333333333 0)
(0.03333333333 0.6333333333 0)
(0.06666666667 0.6333333333 0)
(0.1 0.6333333333 0)
(0.1333333333 0.6333333333 0)
(0.1666666667 0.6333333333 0)
(0.2 0.6333333333 0)
(0.2333333333 0.6333333333 0)
(0.2666666667 0.6333333333 0)
(0.3 0.6333333333 0)
(0.3333333333 0.6333333333 0)
(0.3666666667 0.6333333333 0)
(0.4 0.6333333333 0)
(0.4333333333 0.6333333333 0)
(0.4666666667 0.6333333333 0)
(0.5 0.6333333333 0)
(0.5333333333 0.6333333333 0)
(0.5666666667 0.6333333333 0)
(0.6 0.6333333333 0)
(0.6333333333 0.6333333333 0)
(0.6666666667 0.6333333333 0)
(0.7 0.6333333333 0)
(0.7333333333 0.6333333333 0)
(0.7666666667 0.6333333333 0)
(0.8 0.6333333333 0)
(0.8333333333 0.6333333333 0)
(0.8666666667 0.6333333333 0)
(0.9 0.6333333333 0)
(0.9333333333 0.6333333333 0)
(0.9666666667 0.6333333333 0)
(1 0.6333333333 0)
(0 0.6666666667 0)
(0.03333333333 0.6666666667 0)
(0.06666666667 0.6666666667 0)
(0.1 0.6666666667 0)
(0.1333333333 0.6666666667 0)
(0.1666666667 0.6666666667 0)
(0.2 0.6666666667 0)
(0.2333333333 0.6666666667 0)
(0.2666666667 0.6666666667 0)
(0.3 0.6666666667 0)
(0.3333333333 0.6666666667 0)
(0.3666666667 0.6666666667 0)
(0.4 0.6666666667 0)
(0.4333333333 0.6666666667 0)
(0.4666666667 0.6666666667 0)
(0.5 0.6666666667 0)
(0.5333333333 0.6666666667 0)
(0.5666666667 0.6666666667 0)
(0.6 0.6666666667 0)
(0.6333333333 0.6666666667 0)
(0.6666666667 0.6666666667 0)
(0.7 0.6666666667 0)
(0.7333333333 0.6666666667 0)
(0.7666666667 0.6666666667 0)
(0.8 0.6666666667 0)
(0.8333333333 0.6666666667 0)
(0.8666666667 0.6666666667 0)
(0.9 0.6666666667 0)
(0.9333333333 0.6666666667 0)
(0.9666666667 0.6666666667 0)
(1 0.6666666667 0)
(0 0.7 0)
(0.03333333333 0.7 0)
(0.06666666667 0.7 0)
(0.1 0.7 0)
(0.1333333333 0.7 0)
(0.1666666667 0.7 0)
(0.2 0.7 0)
(0.2333333333 0.7 0)
(0.2666666667 0.7 0)
(0.3 0.7 0)
(0.3333333333 0.7 0)
(0.3666666667 0.7 0)
(0.4 0.7 0)
(0.4333333333 0.7 0)
(0.4666666667 0.7 0)
(0.5 0.7 0)
(0.5333333333 0.7 0)
(0.5666666667 0.7 0)
(0.6 0.7 0)
(0.6333333333 0.7 0)
(0.6666666667 0.7 0)
(0.7 0.7 0)
(0.7333333333 0.7 0)
(0.7666666667 0.7 0)
(0.8 0.7 0)
(0.8333333333 0.7 0)
(0.8666666667 0.7 0)
(0.9 0.7 0)
(0.9333333333 0.7 0)
(0.9666666667 0.7 0)
(1 0.7 0)
(0 0.7333333333 0)
(0.03333333333 0.7333333333 0)
(0.06666666667 0.7333333333 0)
(0.1 0.7333333333 0)
(0.1333333333 0.7333333333 0)
(0.1666666667 0.7333333333 0)
(0.2 0.7333333333 0)
(0.2333333333 0.7333333333 0)
(0.2666666667 0.7333333333 0)
(0.3 0.7333333333 0)
(0.3333333333 0.7333333333 0)
(0.3666666667 0.7333333333 0)
(0.4 0.7333333333 0)
(0.4333333333 0.7333333333 0)
(0.4666666667 0.7333333333 0)
(0.5 0.7333333333 0)
(0.5333333333 0.7333333333 0)
(0.5666666667 0.7333333333 0)
(0.6 0.7333333333 0)
(0.6333333333 0.7333333333 0)
(0.6666666667 0.7333333333 0)
(0.7 0.7333333333 0)
(0.7333333333 0.7333333333 0)
(0.7666666667 0.7333333333 0)
(0.8 0.7333333333 0)
(0.8333333333 0.7333333333 0)
(0.8666666667 0.7333333333 0)
(0.9 0.7333333333 0)
(0.9333333333 0.7333333333 0)
(0.9666666667 0.7333333333 0)
(1 0.7333333333 0)
(0 0.7666666667 0)
(0.03333333333 0.7666666667 0)
(0.06666666667 0.7666666667 0)
(0.1 0.7666666667 0)
(0.1333333333 0.7666666667 0)
(0.1666666667 0.7666666667 0)
(0.2 0.7666666667 0)
(0.2333333333 0.7666666667 0)
(0.2666666667 0.7666666667 0)
(0.3 0.7666666667 0)
(0.3333333333 0.7666666667 0)
(0.3666666667 0.7666666667 0)
(0.4 0.7666666667 0)
(0.4333333333 0.7666666667 0)
(0.4666666667 0.7666666667 0)
(0.5 0.7666666667 0)
(0.5333333333 0.7666666667 0)
(0.5666666667 0.7666666667 0)
(0.6 0.7666666667 0)
(0.6333333333 0.7666666667 0)
(0.6666666667 0.7666666667 0)
(0.7 0.7666666667 0)
(0.7333333333 0.7666666667 0)
(0.7666666667 0.7666666667 0)
(0.8 0.7666666667 0)
(0.8333333333 0.7666666667 0)
(0.8666666667 0.7666666667 0)
(0.9 0.7666666667 0)
(0.9333333333 0.7666666667 0)
(0.9666666667 0.7666666667 0)
(1 0.7666666667 0)
(0 0.8 0)
(0.03333333333 0.8 0)
(0.06666666667 0.8 0)
(0.1 0.8 0)
(0.1333333333 0.8 0)
(0.1666666667 0.8 0)
(0.2 0.8 0)
(0.2333333333 0.8 0)
(0.2666666667 0.8 0)
(0.3 0.8 0)
(0.3333333333 0.8 0)
(0.3666666667 0.8 0)
(0.4 0.8 0)
(0.4333333333 0.8 0)
(0.4666666667 0.8 0)
(0.5 0.8 0)
(0.5333333333 0.8 0)
(0.5666666667 0.8 0)
(0.6 0.8 0)
(0.6333333333 0.8 0)
(0.6666666667 0.8 0)
(0.7 0.8 0)
(0.7333333333 0.8 0)
(0.7666666667 0.8 0)
(0.8 0.8 0)
(0.8333333333 0.8 0)
(0.8666666667 0.8 0)
(0.9 0.8 0)
(0.9333333333 0.8 0)
(0.9666666667 0.8 0)
(1 0.8 0)
(0 0.8333333333 0)
(0.03333333333 0.8333333333 0)
(0.06666666667 0.8333333333 0)
(0.1 0.8333333333 0)
(0.1333333333 0.8333333333 0)
(0.1666666667 0.8333333333 0)
(0.2 0.8333333333 0)
(0.2333333333 0.8333333333 0)
(0.2666666667 0.8333333333 0)
(0.3 0.8333333333 0)
(0.3333333333 0.8333333333 0)
(0.3666666667 0.8333333333 0)
(0.4 0.8333333333 0)
(0.4333333333 0.8333333333 0)
(0.4666666667 0.8333333333 0)
(0.5 0.8333333333 0)
(0.5333333333 0.8333333333 0)
(0.5666666667 0.8333333333 0)
(0.6 0.8333333333 0)
(0.6333333333 0.8333333333 0)
(0.6666666667 0.8333333333 0)
(0.7 0.8333333333 0)
(0.7333333333 0.8333333333 0)
(0.7666666667 0.8333333333 0)
(0.8 0.8333333333 0)
(0.8333333333 0.8333333333 0)
(0.8666666667 0.8333333333 0)
(0.9 0.8333333333 0)
(0.9333333333 0.8333333333 0)
(0.9666666667 0.8333333333 0)
(1 0.8333333333 0)
(0 0.8666666667 0)
(0.03333333333 0.8666666667 0)
(0.06666666667 0.8666666667 0)
(0.1 0.8666666667 0)
(0.1333333333 0.8666666667 0)
(0.1666666667 0.8666666667 0)
(0.2 0.8666666667 0)
(0.2333333333 0.8666666667 0)
(0.2666666667 0.8666666667 0)
(0.3 0.8666666667 0)
(0.3333333333 0.8666666667 0)
(0.3666666667 0.8666666667 0)
(0.4 0.8666666667 0)
(0.4333333333 0.8666666667 0)
(0.4666666667 0.8666666667 0)
(0.5 0.8666666667 0)
(0.5333333333 0.8666666667 0)
(0.5666666667 0.8666666667 0)
(0.6 0.8666666667 0)
(0.6333333333 0.8666666667 0)
(0.6666666667 0.8666666667 0)
(0.7 0.8666666667 0)
(0.7333333333 0.8666666667 0)
(0.7666666667 0.8666666667 0)
(0.8 0.8666666667 0)
(0.8333333333 0.8666666667 0)
(0.8666666667 0.8666666667 0)
(0.9 0.8666666667 0)
(0.9333333333 0.8666666667 0)
(0.9666666667 0.8666666667 0)
(1 0.8666666667 0)
(0 0.9 0)
(0.03333333333 0.9 0)
(0.06666666667 0.9 0)
(0.1 0.9 0)
(0.1333333333 0.9 0)
(0.1666666667 0.9 0)
(0.2 0.9 0)
(0.2333333333 0.9 0)
(0.2666666667 0.9 0)
(0.3 0.9 0)
(0.3333333333 0.9 0)
(0.3666666667 0.9 0)
(0.4 0.9 0)
(0.4333333333 0.9 0)
(0.4666666667 0.9 0)
(0.5 0.9 0)
(0.5333333333 0.9 0)
(0.5666666667 0.9 0)
(0.6 0.9 0)
(0.6333333333 0.9 0)
(0.6666666667 0.9 0)
(0.7 0.9 0)
(0.7333333333 0.9 0)
(0.7666666667 0.9 0)
(0.8 0.9 0)
(0.8333333333 0.9 0)
(0.8666666667 0.9 0)
(0.9 0.9 0)
(0.9333333333 0.9 0)
(0.9666666667 0.9 0)
(1 0.9 0)
(0 0.9333333333 0)
(0.03333333333 0.9333333333 0)
(0.06666666667 0.9333333333 0)
(0.1 0.9333333333 0)
(0.1333333333 0.9333333333 0)
(0.1666666667 0.9333333333 0)
(0.2 0.9333333333 0)
(0.2333333333 0.9333333333 0)
(0.2666666667 0.9333333333 0)
(0.3 0.9333333333 0)
(0.3333333333 0.9333333333 0)
(0.3666666667 0.9333333333 0)
(0.4 0.9333333333 0)
(0.4333333333 0.9333333333 0)
(0.4666666667 0.9333333333 0)
(0.5 0.9333333333 0)
(0.5333333333 0.9333333333 0)
(0.5666666667 0.9333333333 0)
(0.6 0.9333333333 0)
(0.6333333333 0.9333333333 0)
(0.6666666667 0.9333333333 0)
(0.7 0.9333333333 0)
(0.7333333333 0.9333333333 0)
(0.7666666667 0.9333333333 0)
(0.8 0.9333333333 0)
(0.8333333333 0.9333333333 0)
(0.8666666667 0.9333333333 0)
(0.9 0.9333333333 0)
(0.9333333333 0.9333333333 0)
(0.9666666667 0.9333333333 0)
(1 0.9333333333 0)
(0 0.9666666667 0)
(0.03333333333 0.9666666667 0)
(0.06666666667 0.9666666667 0)
(0.1 0.9666666667 0)
(0.1333333333 0.9666666667 0)
(0.1666666667 0.9666666667 0)
(0.2 0.9666666667 0)
(0.2333333333 0.9666666667 0)
(0.2666666667 0.9666666667 0)
(0.3 0.9666666667 0)
(0.3333333333 0.9666666667 0)
(0.3666666667 0.9666666667 0)
(0.4 0.9666666667 0)
(0.4333333333 0.9666666667 0)
(0.4666666667 0.9666666667 0)
(0.5 0.9666666667 0)
(0.5333333333 0.9666666667 0)
(0.5666666667 0.9666666667 0)
(0.6 0.9666666667 0)
(0.6333333333 0.9666666667 0)
(0.6666666667 0.9666666667 0)
(0.7 0.9666666667 0)
(0.7333333333 0.9666666667 0)
(0.7666666667 0.9666666667 0)
(0.8 0.9666666667 0)
(0.8333333333 0.9666666667 0)
(0.8666666667 0.9666666667 0)
(0.9 0.9666666667 0)
(0.9333333333 0.9666666667 0)
(0.9666666667 0.9666666667 0)
(1 0.9666666667 0)
(0 1 0)
(0.03333333333 1 0)
(0.06666666667 1 0)
(0.1 1 0)
(0.1333333333 1 0)
(0.1666666667 1 0)
(0.2 1 0)
(0.2333333333 1 0)
(0.2666666667 1 0)
(0.3 1 0)
(0.3333333333 1 0)
(0.3666666667 1 0)
(0.4 1 0)
(0.4333333333 1 0)
(0.4666666667 1 0)
(0.5 1 0)
(0.5333333333 1 0)
(0.5666666667 1 0)
(0.6 1 0)
(0.6333333333 1 0)
(0.6666666667 1 0)
(0.7 1 0)
(0.7333333333 1 0)
(0.7666666667 1 0)
(0.8 1 0)
(0.8333333333 1 0)
(0.8666666667 1 0)
(0.9 1 0)
(0.9333333333 1 0)
(0.9666666667 1 0)
(1 1 0)
(0 0 1)
(0.03333333333 0 1)
(0.06666666667 0 1)
(0.1 0 1)
(0.1333333333 0 1)
(0.1666666667 0 1)
(0.2 0 1)
(0.2333333333 0 1)
(0.2666666667 0 1)
(0.3 0 1)
(0.3333333333 0 1)
(0.3666666667 0 1)
(0.4 0 1)
(0.4333333333 0 1)
(0.4666666667 0 1)
(0.5 0 1)
(0.5333333333 0 1)
(0.5666666667 0 1)
(0.6 0 1)
(0.6333333333 0 1)
(0.6666666667 0 1)
(0.7 0 1)
(0.7333333333 0 1)
(0.7666666667 0 1)
(0.8 0 1)
(0.8333333333 0 1)
(0.8666666667 0 1)
(0.9 0 1)
(0.9333333333 0 1)
(0.9666666667 0 1)
(1 0 1)
(0 0.03333333333 1)
(0.03333333333 0.03333333333 1)
(0.06666666667 0.03333333333 1)
(0.1 0.03333333333 1)
(0.1333333333 0.03333333333 1)
(0.1666666667 0.03333333333 1)
(0.2 0.03333333333 1)
(0.2333333333 0.03333333333 1)
(0.2666666667 0.03333333333 1)
(0.3 0.03333333333 1)
(0.3333333333 0.03333333333 1)
(0.3666666667 0.03333333333 1)
(0.4 0.03333333333 1)
(0.4333333333 0.03333333333 1)
(0.4666666667 0.03333333333 1)
(0.5 0.03333333333 1)
(0.5333333333 0.03333333333 1)
(0.5666666667 0.03333333333 1)
(0.6 0.03333333333 1)
(0.6333333333 0.03333333333 1)
(0.6666666667 0.03333333333 1)
(0.7 0.03333333333 1)
(0.7333333333 0.03333333333 1)
(0.7666666667 0.03333333333 1)
(0.8 0.03333333333 1)
(0.8333333333 0.03333333333 1)
(0.8666666667 0.03333333333 1)
(0.9 0.03333333333 1)
(0.9333333333 0.03333333333 1)
(0.9666666667 0.03333333333 1)
(1 0.03333333333 1)
(0 0.06666666667 1)
(0.03333333333 0.06666666667 1)
(0.06666666667 0.06666666667 1)
(0.1 0.06666666667 1)
(0.1333333333 0.06666666667 1)
(0.1666666667 0.06666666667 1)
(0.2 0.06666666667 1)
(0.2333333333 0.06666666667 1)
(0.2666666667 0.06666666667 1)
(0.3 0.06666666667 1)
(0.3333333333 0.06666666667 1)
(0.3666666667 0.06666666667 1)
(0.4 0.06666666667 1)
(0.4333333333 0.06666666667 1)
(0.4666666667 0.06666666667 1)
(0.5 0.06666666667 1)
(0.5333333333 0.06666666667 1)
(0.5666666667 0.06666666667 1)
(0.6 0.06666666667 1)
(0.6333333333 0.06666666667 1)
(0.6666666667 0.06666666667 1)
(0.7 0.06666666667 1)
(0.7333333333 0.06666666667 1)
(0.7666666667 0.06666666667 1)
(0.8 0.06666666667 1)
(0.8333333333 0.06666666667 1)
(0.8666666667 0.06666666667 1)
(0.9 0.06666666667 1)
(0.9333333333 0.06666666667 1)
(0.9666666667 0.06666666667 1)
(1 0.06666666667 1)
(0 0.1 1)
(0.03333333333 0.1 1)
(0.06666666667 0.1 1)
(0.1 0.1 1)
(0.1333333333 0.1 1)
(0.1666666667 0.1 1)
(0.2 0.1 1)
(0.2333333333 0.1 1)
(0.2666666667 0.1 1)
(0.3 0.1 1)
(0.3333333333 0.1 1)
(0.3666666667 0.1 1)
(0.4 0.1 1)
(0.4333333333 0.1 1)
(0.4666666667 0.1 1)
(0.5 0.1 1)
(0.5333333333 0.1 1)
(0.5666666667 0.1 1)
(0.6 0.1 1)
(0.6333333333 0.1 1)
(0.6666666667 0.1 1)
(0.7 0.1 1)
(0.7333333333 0.1 1)
(0.7666666667 0.1 1)
(0.8 0.1 1)
(0.8333333333 0.1 1)
(0.8666666667 0.1 1)
(0.9 0.1 1)
(0.9333333333 0.1 1)
(0.9666666667 0.1 1)
(1 0.1 1)
(0 0.1333333333 1)
(0.03333333333 0.1333333333 1)
(0.06666666667 0.1333333333 1)
(0.1 0.1333333333 1)
(0.1333333333 0.1333333333 1)
(0.1666666667 0.1333333333 1)
(0.2 0.1333333333 1)
(0.2333333333 0.1333333333 1)
(0.2666666667 0.1333333333 1)
(0.3 0.1333333333 1)
(0.3333333333 0.1333333333 1)
(0.3666666667 0.1333333333 1)
(0.4 0.1333333333 1)
(0.4333333333 0.1333333333 1)
(0.4666666667 0.1333333333 1)
(0.5 0.1333333333 1)
(0.5333333333 0.1333333333 1)
(0.5666666667 0.1333333333 1)
(0.6 0.1333333333 1)
(0.6333333333 0.1333333333 1)
(0.6666666667 0.1333333333 1)
(0.7 0.1333333333 1)
(0.7333333333 0.1333333333 1)
(0.7666666667 0.1333333333 1)
(0.8 0.1333333333 1)
(0.8333333333 0.1333333333 1)
(0.8666666667 0.1333333333 1)
(0.9 0.1333333333 1)
(0.9333333333 0.1333333333 1)
(0.9666666667 0.1333333333 1)
(1 0.1333333333 1)
(0 0.1666666667 1)
(0.03333333333 0.1666666667 1)
(0.06666666667 0.1666666667 1)
(0.1 0.1666666667 1)
(0.1333333333 0.1666666667 1)
(0.1666666667 0.1666666667 1)
(0.2 0.1666666667 1)
(0.2333333333 0.1666666667 1)
(0.2666666667 0.1666666667 1)
(0.3 0.1666666667 1)
(0.3333333333 0.1666666667 1)
(0.3666666667 0.1666666667 1)
(0.4 0.1666666667 1)
(0.4333333333 0.1666666667 1)
(0.4666666667 0.1666666667 1)
(0.5 0.1666666667 1)
(0.5333333333 0.1666666667 1)
(0.5666666667 0.1666666667 1)
(0.6 0.1666666667 1)
(0.6333333333 0.1666666667 1)
(0.6666666667 0.1666666667 1)
(0.7 0.1666666667 1)
(0.7333333333 0.1666666667 1)
(0.7666666667 0.1666666667 1)
(0.8 0.1666666667 1)
(0.8333333333 0.1666666667 1)
(0.8666666667 0.1666666667 1)
(0.9 0.1666666667 1)
(0.9333333333 0.1666666667 1)
(0.9666666667 0.1666666667 1)
(1 0.1666666667 1)
(0 0.2 1)
(0.03333333333 0.2 1)
(0.06666666667 0.2 1)
(0.1 0.2 1)
(0.1333333333 0.2 1)
(0.1666666667 0.2 1)
(0.2 0.2 1)
(0.2333333333 0.2 1)
(0.2666666667 0.2 1)
(0.3 0.2 1)
(0.3333333333 0.2 1)
(0.3666666667 0.2 1)
(0.4 0.2 1)
(0.4333333333 0.2 1)
(0.4666666667 0.2 1)
(0.5 0.2 1)
(0.5333333333 0.2 1)
(0.5666666667 0.2 1)
(0.6 0.2 1)
(0.6333333333 0.2 1)
(0.6666666667 0.2 1)
(0.7 0.2 1)
(0.7333333333 0.2 1)
(0.7666666667 0.2 1)
(0.8 0.2 1)
(0.8333333333 0.2 1)
(0.8666666667 0.2 1)
(0.9 0.2 1)
(0.9333333333 0.2 1)
(0.9666666667 0.2 1)
(1 0.2 1)
(0 0.2333333333 1)
(0.03333333333 0.2333333333 1)
(0.06666666667 0.2333333333 1)
(0.1 0.2333333333 1)
(0.1333333333 0.2333333333 1)
(0.1666666667 0.2333333333 1)
(0.2 0.2333333333 1)
(0.2333333333 0.2333333333 1)
(0.2666666667 0.2333333333 1)
(0.3 0.2333333333 1)
(0.3333333333 0.2333333333 1)
(0.3666666667 0.2333333333 1)
(0.4 0.2333333333 1)
(0.4333333333 0.2333333333 1)
(0.4666666667 0.2333333333 1)
(0.5 0.2333333333 1)
(0.5333333333 0.2333333333 1)
(0.5666666667 0.2333333333 1)
(0.6 0.2333333333 1)
(0.6333333333 0.2333333333 1)
(0.6666666667 0.2333333333 1)
(0.7 0.2333333333 1)
(0.7333333333 0.2333333333 1)
(0.7666666667 0.2333333333 1)
(0.8 0.2333333333 1)
(0.8333333333 0.2333333333 1)
(0.8666666667 0.2333333333 1)
(0.9 0.2333333333 1)
(0.9333333333 0.2333333333 1)
(0.9666666667 0.2333333333 1)
(1 0.2333333333 1)
(0 0.2666666667 1)
(0.03333333333 0.2666666667 1)
(0.06666666667 0.2666666667 1)
(0.1 0.2666666667 1)
(0.1333333333 0.2666666667 1)
(0.1666666667 0.2666666667 1)
(0.2 0.2666666667 1)
(0.2333333333 0.2666666667 1)
(0.2666666667 0.2666666667 1)
(0.3 0.2666666667 1)
(0.3333333333 0.2666666667 1)
(0.3666666667 0.2666666667 1)
(0.4 0.2666666667 1)
(0.4333333333 0.2666666667 1)
(0.4666666667 0.2666666667 1)
(0.5 0.2666666667 1)
(0.5333333333 0.2666666667 1)
(0.5666666667 0.2666666667 1)
(0.6 0.2666666667 1)
(0.6333333333 0.2666666667 1)
(0.6666666667 0.2666666667 1)
(0.7 0.2666666667 1)
(0.7333333333 0.2666666667 1)
(0.7666666667 0.2666666667 1)
(0.8 0.2666666667 1)
(0.8333333333 0.2666666667 1)
(0.8666666667 0.2666666667 1)
(0.9 0.2666666667 1)
(0.9333333333 0.2666666667 1)
(0.9666666667 0.2666666667 1)
(1 0.2666666667 1)
(0 0.3 1)
(0.03333333333 0.3 1)
(0.06666666667 0.3 1)
(0.1 0.3 1)
(0.1333333333 0.3 1)
(0.1666666667 0.3 1)
(0.2 0.3 1)
(0.2333333333 0.3 1)
(0.2666666667 0.3 1)
(0.3 0.3 1)
(0.3333333333 0.3 1)
(0.3666666667 0.3 1)
(0.4 0.3 1)
(0.4333333333 0.3 1)
(0.4666666667 0.3 1)
(0.5 0.3 1)
(0.5333333333 0.3 1)
(0.5666666667 0.3 1)
(0.6 0.3 1)
(0.6333333333 0.3 1)
(0.6666666667 0.3 1)
(0.7 0.3 1)
(0.7333333333 0.3 1)
(0.7666666667 0.3 1)
(0.8 0.3 1)
(0.8333333333 0.3 1)
(0.8666666667 0.3 1)
(0.9 0.3 1)
(0.9333333333 0.3 1)
(0.9666666667 0.3 1)
(1 0.3 1)
(0 0.3333333333 1)
(0.03333333333 0.3333333333 1)
(0.06666666667 0.3333333333 1)
(0.1 0.3333333333 1)
(0.1333333333 0.3333333333 1)
(0.1666666667 0.3333333333 1)
(0.2 0.3333333333 1)
(0.2333333333 0.3333333333 1)
(0.2666666667 0.3333333333 1)
(0.3 0.3333333333 1)
(0.3333333333 0.3333333333 1)
(0.3666666667 0.3333333333 1)
(0.4 0.3333333333 1)
(0.4333333333 0.3333333333 1)
(0.4666666667 0.3333333333 1)
(0.5 0.3333333333 1)
(0.5333333333 0.3333333333 1)
(0.5666666667 0.3333333333 1)
(0.6 0.3333333333 1)
(0.6333333333 0.3333333333 1)
(0.6666666667 0.3333333333 1)
(0.7 0.3333333333 1)
(0.7333333333 0.3333333333 1)
(0.7666666667 0.3333333333 1)
(0.8 0.3333333333 1)
(0.8333333333 0.3333333333 1)
(0.8666666667 0.3333333333 1)
(0.9 0.3333333333 1)
(0.9333333333 0.3333333333 1)
(0.9666666667 0.3333333333 1)
(1 0.3333333333 1)
(0 0.3666666667 1)
(0.03333333333 0.3666666667 1)
(0.06666666667 0.3666666667 1)
(0.1 0.3666666667 1)
(0.1333333333 0.3666666667 1)
(0.1666666667 0.3666666667 1)
(0.2 0.3666666667 1)
(0.2333333333 0.3666666667 1)
(0.2666666667 0.3666666667 1)
(0.3 0.3666666667 1)
(0.3333333333 0.3666666667 1)
(0.3666666667 0.3666666667 1)
(0.4 0.3666666667 1)
(0.4333333333 0.3666666667 1)
(0.4666666667 0.3666666667 1)
(0.5 0.3666666667 1)
(0.5333333333 0.3666666667 1)
(0.5666666667 0.3666666667 1)
(0.6 0.3666666667 1)
(0.6333333333 0.3666666667 1)
(0.6666666667 0.3666666667 1)
(0.7 0.3666666667 1)
(0.7333333333 0.3666666667 1)
(0.7666666667 0.3666666667 1)
(0.8 0.3666666667 1)
(0.8333333333 0.3666666667 1)
(0.8666666667 0.3666666667 1)
(0.9 0.3666666667 1)
(0.9333333333 0.3666666667 1)
(0.9666666667 0.3666666667 1)
(1 0.3666666667 1)
(0 0.4 1)
(0.03333333333 0.4 1)
(0.06666666667 0.4 1)
(0.1 0.4 1)
(0.1333333333 0.4 1)
(0.1666666667 0.4 1)
(0.2 0.4 1)
(0.2333333333 0.4 1)
(0.2666666667 0.4 1)
(0.3 0.4 1)
(0.3333333333 0.4 1)
(0.3666666667 0.4 1)
(0.4 0.4 1)
(0.4333333333 0.4 1)
(0.4666666667 0.4 1)
(0.5 0.4 1)
(0.5333333333 0.4 1)
(0.5666666667 0.4 1)
(0.6 0.4 1)
(0.6333333333 0.4 1)
(0.6666666667 0.4 1)
(0.7 0.4 1)
(0.7333333333 0.4 1)
(0.7666666667 0.4 1)
(0.8 0.4 1)
(0.8333333333 0.4 1)
(0.8666666667 0.4 1)
(0.9 0.4 1)
(0.9333333333 0.4 1)
(0.9666666667 0.4 1)
(1 0.4 1)
(0 0.4333333333 1)
(0.03333333333 0.4333333333 1)
(0.06666666667 0.4333333333 1)
(0.1 0.4333333333 1)
(0.1333333333 0.4333333333 1)
(0.1666666667 0.4333333333 1)
(0.2 0.4333333333 1)
(0.2333333333 0.4333333333 1)
(0.2666666667 0.4333333333 1)
(0.3 0.4333333333 1)
(0.3333333333 0.4333333333 1)
(0.3666666667 0.4333333333 1)
(0.4 0.4333333333 1)
(0.4333333333 0.4333333333 1)
(0.4666666667 0.4333333333 1)
(0.5 0.4333333333 1)
(0.5333333333 0.4333333333 1)
(0.5666666667 0.4333333333 1)
(0.6 0.4333333333 1)
(0.6333333333 0.4333333333 1)
(0.6666666667 0.4333333333 1)
(0.7 0.4333333333 1)
(0.7333333333 0.4333333333 1)
(0.7666666667 0.4333333333 1)
(0.8 0.4333333333 1)
(0.8333333333 0.4333333333 1)
(0.8666666667 0.4333333333 1)
(0.9 0.4333333333 1)
(0.9333333333 0.4333333333 1)
(0.9666666667 0.4333333333 1)
(1 0.4333333333 1)
(0 0.4666666667 1)
(0.03333333333 0.4666666667 1)
(0.06666666667 0.4666666667 1)
(0.1 0.4666666667 1)
(0.1333333333 0.4666666667 1)
(0.1666666667 0.4666666667 1)
(0.2 0.4666666667 1)
(0.2333333333 0.4666666667 1)
(0.2666666667 0.4666666667 1)
(0.3 0.4666666667 1)
(0.3333333333 0.4666666667 1)
(0.3666666667 0.4666666667 1)
(0.4 0.4666666667 1)
(0.4333333333 0.4666666667 1)
(0.4666666667 0.4666666667 1)
(0.5 0.4666666667 1)
(0.5333333333 0.4666666667 1)
(0.5666666667 0.4666666667 1)
(0.6 0.4666666667 1)
(0.6333333333 0.4666666667 1)
(0.6666666667 0.4666666667 1)
(0.7 0.4666666667 1)
(0.7333333333 0.4666666667 1)
(0.7666666667 0.4666666667 1)
(0.8 0.4666666667 1)
(0.8333333333 0.4666666667 1)
(0.8666666667 0.4666666667 1)
(0.9 0.4666666667 1)
(0.9333333333 0.4666666667 1)
(0.9666666667 0.4666666667 1)
(1 0.4666666667 1)
(0 0.5 1)
(0.03333333333 0.5 1)
(0.06666666667 0.5 1)
(0.1 0.5 1)
(0.1333333333 0.5 1)
(0.1666666667 0.5 1)
(0.2 0.5 1)
(0.2333333333 0.5 1)
(0.2666666667 0.5 1)
(0.3 0.5 1)
(0.3333333333 0.5 1)
(0.3666666667 0.5 1)
(0.4 0.5 1)
(0.4333333333 0.5 1)
(0.4666666667 0.5 1)
(0.5 0.5 1)
(0.5333333333 0.5 1)
(0.5666666667 0.5 1)
(0.6 0.5 1)
(0.6333333333 0.5 1)
(0.6666666667 0.5 1)
(0.7 0.5 1)
(0.7333333333 0.5 1)
(0.7666666667 0.5 1)
(0.8 0.5 1)
(0.8333333333 0.5 1)
(0.8666666667 0.5 1)
(0.9 0.5 1)
(0.9333333333 0.5 1)
(0.9666666667 0.5 1)
(1 0.5 1)
(0 0.5333333333 1)
(0.03333333333 0.5333333333 1)
(0.06666666667 0.5333333333 1)
(0.1 0.5333333333 1)
(0.1333333333 0.5333333333 1)
(0.1666666667 0.5333333333 1)
(0.2 0.5333333333 1)
(0.2333333333 0.5333333333 1)
(0.2666666667 0.5333333333 1)
(0.3 0.5333333333 1)
(0.3333333333 0.5333333333 1)
(0.3666666667 0.5333333333 1)
(0.4 0.5333333333 1)
(0.4333333333 0.5333333333 1)
(0.4666666667 0.5333333333 1)
(0.5 0.5333333333 1)
(0.5333333333 0.5333333333 1)
(0.5666666667 0.5333333333 1)
(0.6 0.5333333333 1)
(0.6333333333 0.5333333333 1)
(0.6666666667 0.5333333333 1)
(0.7 0.5333333333 1)
(0.7333333333 0.5333333333 1)
(0.7666666667 0.5333333333 1)
(0.8 0.5333333333 1)
(0.8333333333 0.5333333333 1)
(0.8666666667 0.5333333333 1)
(0.9 0.5333333333 1)
(0.9333333333 0.5333333333 1)
(0.9666666667 0.5333333333 1)
(1 0.5333333333 1)
(0 0.5666666667 1)
(0.03333333333 0.5666666667 1)
(0.06666666667 0.5666666667 1)
(0.1 0.5666666667 1)
(0.1333333333 0.5666666667 1)
(0.1666666667 0.5666666667 1)
(0.2 0.5666666667 1)
(0.2333333333 0.5666666667 1)
(0.2666666667 0.5666666667 1)
(0.3 0.5666666667 1)
(0.3333333333 0.5666666667 1)
(0.3666666667 0.5666666667 1)
(0.4 0.5666666667 1)
(0.4333333333 0.5666666667 1)
(0.4666666667 0.5666666667 1)
(0.5 0.5666666667 1)
(0.5333333333 0.5666666667 1)
(0.5666666667 0.5666666667 1)
(0.6 0.5666666667 1)
(0.6333333333 0.5666666667 1)
(0.6666666667 0.5666666667 1)
(0.7 0.5666666667 1)
(0.7333333333 0.5666666667 1)
(0.7666666667 0.5666666667 1)
(0.8 0.5666666667 1)
(0.8333333333 0.5666666667 1)
(0.8666666667 0.5666666667 1)
(0.9 0.5666666667 1)
(0.9333333333 0.5666666667 1)
(0.9666666667 0.5666666667 1)
(1 0.5666666667 1)
(0 0.6 1)
(0.03333333333 0.6 1)
(0.06666666667 0.6 1)
(0.1 0.6 1)
(0.1333333333 0.6 1)
(0.1666666667 0.6 1)
(0.2 0.6 1)
(0.2333333333 0.6 1)
(0.2666666667 0.6 1)
(0.3 0.6 1)
(0.3333333333 0.6 1)
(0.3666666667 0.6 1)
(0.4 0.6 1)
(0.4333333333 0.6 1)
(0.4666666667 0.6 1)
(0.5 0.6 1)
(0.5333333333 0.6 1)
(0.5666666667 0.6 1)
(0.6 0.6 1)
(0.6333333333 0.6 1)
(0.6666666667 0.6 1)
(0.7 0.6 1)
(0.7333333333 0.6 1)
(0.7666666667 0.6 1)
(0.8 0.6 1)
(0.8333333333 0.6 1)
(0.8666666667 0.6 1)
(0.9 0.6 1)
(0.9333333333 0.6 1)
(0.9666666667 0.6 1)
(1 0.6 1)
(0 0.6333333333 1)
(0.03333333333 0.6333333333 1)
(0.06666666667 0.6333333333 1)
(0.1 0.6333333333 1)
(0.1333333333 0.6333333333 1)
(0.1666666667 0.6333333333 1)
(0.2 0.6333333333 1)
(0.2333333333 0.6333333333 1)
(0.2666666667 0.6333333333 1)
(0.3 0.6333333333 1)
(0.3333333333 0.6333333333 1)
(0.3666666667 0.6333333333 1)
(0.4 0.6333333333 1)
(0.4333333333 0.6333333333 1)
(0.4666666667 0.6333333333 1)
(0.5 0.6333333333 1)
(0.5333333333 0.6333333333 1)
(0.5666666667 0.6333333333 1)
(0.6 0.6333333333 1)
(0.6333333333 0.6333333333 1)
(0.6666666667 0.6333333333 1)
(0.7 0.6333333333 1)
(0.7333333333 0.6333333333 1)
(0.7666666667 0.6333333333 1)
(0.8 0.6333333333 1)
(0.8333333333 0.6333333333 1)
(0.8666666667 0.6333333333 1)
(0.9 0.6333333333 1)
(0.9333333333 0.6333333333 1)
(0.9666666667 0.6333333333 1)
(1 0.6333333333 1)
(0 0.6666666667 1)
(0.03333333333 0.6666666667 1)
(0.06666666667 0.6666666667 1)
(0.1 0.6666666667 1)
(0.1333333333 0.6666666667 1)
(0.1666666667 0.6666666667 1)
(0.2 0.6666666667 1)
(0.2333333333 0.6666666667 1)
(0.2666666667 0.6666666667 1)
(0.3 0.6666666667 1)
(0.3333333333 0.6666666667 1)
(0.3666666667 0.6666666667 1)
(0.4 0.6666666667 1)
(0.4333333333 0.6666666667 1)
(0.4666666667 0.6666666667 1)
(0.5 0.6666666667 1)
(0.5333333333 0.6666666667 1)
(0.5666666667 0.6666666667 1)
(0.6 0.6666666667 1)
(0.6333333333 0.6666666667 1)
(0.6666666667 0.6666666667 1)
(0.7 0.6666666667 1)
(0.7333333333 0.6666666667 1)
(0.7666666667 0.6666666667 1)
(0.8 0.6666666667 1)
(0.8333333333 0.6666666667 1)
(0.8666666667 0.6666666667 1)
(0.9 0.6666666667 1)
(0.9333333333 0.6666666667 1)
(0.9666666667 0.6666666667 1)
(1 0.6666666667 1)
(0 0.7 1)
(0.03333333333 0.7 1)
(0.06666666667 0.7 1)
(0.1 0.7 1)
(0.1333333333 0.7 1)
(0.1666666667 0.7 1)
(0.2 0.7 1)
(0.2333333333 0.7 1)
(0.2666666667 0.7 1)
(0.3 0.7 1)
(0.3333333333 0.7 1)
(0.3666666667 0.7 1)
(0.4 0.7 1)
(0.4333333333 0.7 1)
(0.4666666667 0.7 1)
(0.5 0.7 1)
(0.5333333333 0.7 1)
(0.5666666667 0.7 1)
(0.6 0.7 1)
(0.6333333333 0.7 1)
(0.6666666667 0.7 1)
(0.7 0.7 1)
(0.7333333333 0.7 1)
(0.7666666667 0.7 1)
(0.8 0.7 1)
(0.8333333333 0.7 1)
(0.8666666667 0.7 1)
(0.9 0.7 1)
(0.9333333333 0.7 1)
(0.9666666667 0.7 1)
(1 0.7 1)
(0 0.7333333333 1)
(0.03333333333 0.7333333333 1)
(0.06666666667 0.7333333333 1)
(0.1 0.7333333333 1)
(0.1333333333 0.7333333333 1)
(0.1666666667 0.7333333333 1)
(0.2 0.7333333333 1)
(0.2333333333 0.7333333333 1)
(0.2666666667 0.7333333333 1)
(0.3 0.7333333333 1)
(0.3333333333 0.7333333333 1)
(0.3666666667 0.7333333333 1)
(0.4 0.7333333333 1)
(0.4333333333 0.7333333333 1)
(0.4666666667 0.7333333333 1)
(0.5 0.7333333333 1)
(0.5333333333 0.7333333333 1)
(0.5666666667 0.7333333333 1)
(0.6 0.7333333333 1)
(0.6333333333 0.7333333333 1)
(0.6666666667 0.7333333333 1)
(0.7 0.7333333333 1)
(0.7333333333 0.7333333333 1)
(0.7666666667 0.7333333333 1)
(0.8 0.7333333333 1)
(0.8333333333 0.7333333333 1)
(0.8666666667 0.7333333333 1)
(0.9 0.7333333333 1)
(0.9333333333 0.7333333333 1)
(0.9666666667 0.7333333333 1)
(1 0.7333333333 1)
(0 0.7666666667 1)
(0.03333333333 0.7666666667 1)
(0.06666666667 0.7666666667 1)
(0.1 0.7666666667 1)
(0.1333333333 0.7666666667 1)
(0.1666666667 0.7666666667 1)
(0.2 0.7666666667 1)
(0.2333333333 0.7666666667 1)
(0.2666666667 0.7666666667 1)
(0.3 0.7666666667 1)
(0.3333333333 0.7666666667 1)
(0.3666666667 0.7666666667 1)
(0.4 0.7666666667 1)
(0.4333333333 0.7666666667 1)
(0.4666666667 0.7666666667 1)
(0.5 0.7666666667 1)
(0.5333333333 0.7666666667 1)
(0.5666666667 0.7666666667 1)
(0.6 0.7666666667 1)
(0.6333333333 0.7666666667 1)
(0.6666666667 0.7666666667 1)
(0.7 0.7666666667 1)
(0.7333333333 0.7666666667 1)
(0.7666666667 0.7666666667 1)
(0.8 0.7666666667 1)
(0.8333333333 0.7666666667 1)
(0.8666666667 0.7666666667 1)
(0.9 0.7666666667 1)
(0.9333333333 0.7666666667 1)
(0.9666666667 0.7666666667 1)
(1 0.7666666667 1)
(0 0.8 1)
(0.03333333333 0.8 1)
(0.06666666667 0.8 1)
(0.1 0.8 1)
(0.1333333333 0.8 1)
(0.1666666667 0.8 1)
(0.2 0.8 1)
(0.2333333333 0.8 1)
(0.2666666667 0.8 1)
(0.3 0.8 1)
(0.3333333333 0.8 1)
(0.3666666667 0.8 1)
(0.4 0.8 1)
(0.4333333333 0.8 1)
(0.4666666667 0.8 1)
(0.5 0.8 1)
(0.5333333333 0.8 1)
(0.5666666667 0.8 1)
(0.6 0.8 1)
(0.6333333333 0.8 1)
(0.6666666667 0.8 1)
(0.7 0.8 1)
(0.7333333333 0.8 1)
(0.7666666667 0.8 1)
(0.8 0.8 1)
(0.8333333333 0.8 1)
(0.8666666667 0.8 1)
(0.9 0.8 1)
(0.9333333333 0.8 1)
(0.9666666667 0.8 1)
(1 0.8 1)
(0 0.8333333333 1)
(0.03333333333 0.8333333333 1)
(0.06666666667 0.8333333333 1)
(0.1 0.8333333333 1)
(0.1333333333 0.8333333333 1)
(0.1666666667 0.8333333333 1)
(0.2 0.8333333333 1)
(0.2333333333 0.8333333333 1)
(0.2666666667 0.8333333333 1)
(0.3 0.8333333333 1)
(0.3333333333 0.8333333333 1)
(0.3666666667 0.8333333333 1)
(0.4 0.8333333333 1)
(0.4333333333 0.8333333333 1)
(0.4666666667 0.8333333333 1)
(0.5 0.8333333333 1)
(0.5333333333 0.8333333333 1)
(0.5666666667 0.8333333333 1)
(0.6 0.8333333333 1)
(0.6333333333 0.8333333333 1)
(0.6666666667 0.8333333333 1)
(0.7 0.8333333333 1)
(0.7333333333 0.8333333333 1)
(0.7666666667 0.8333333333 1)
(0.8 0.8333333333 1)
(0.8333333333 0.8333333333 1)
(0.8666666667 0.8333333333 1)
(0.9 0.8333333333 1)
(0.9333333333 0.8333333333 1)
(0.9666666667 0.8333333333 1)
(1 0.8333333333 1)
(0 0.8666666667 1)
(0.03333333333 0.8666666667 1)
(0.06666666667 0.8666666667 1)
(0.1 0.8666666667 1)
(0.1333333333 0.8666666667 1)
(0.1666666667 0.8666666667 1)
(0.2 0.8666666667 1)
(0.2333333333 0.8666666667 1)
(0.2666666667 0.8666666667 1)
(0.3 0.8666666667 1)
(0.3333333333 0.8666666667 1)
(0.3666666667 0.8666666667 1)
(0.4 0.8666666667 1)
(0.4333333333 0.8666666667 1)
(0.4666666667 0.8666666667 1)
(0.5 0.8666666667 1)
(0.5333333333 0.8666666667 1)
(0.5666666667 0.8666666667 1)
(0.6 0.8666666667 1)
(0.6333333333 0.8666666667 1)
(0.6666666667 0.8666666667 1)
(0.7 0.8666666667 1)
(0.7333333333 0.8666666667 1)
(0.7666666667 0.8666666667 1)
(0.8 0.8666666667 1)
(0.8333333333 0.8666666667 1)
(0.8666666667 0.8666666667 1)
(0.9 0.8666666667 1)
(0.9333333333 0.8666666667 1)
(0.9666666667 0.8666666667 1)
(1 0.8666666667 1)
(0 0.9 1)
(0.03333333333 0.9 1)
(0.06666666667 0.9 1)
(0.1 0.9 1)
(0.1333333333 0.9 1)
(0.1666666667 0.9 1)
(0.2 0.9 1)
(0.2333333333 0.9 1)
(0.2666666667 0.9 1)
(0.3 0.9 1)
(0.3333333333 0.9 1)
(0.3666666667 0.9 1)
(0.4 0.9 1)
(0.4333333333 0.9 1)
(0.4666666667 0.9 1)
(0.5 0.9 1)
(0.5333333333 0.9 1)
(0.5666666667 0.9 1)
(0.6 0.9 1)
(0.6333333333 0.9 1)
(0.6666666667 0.9 1)
(0.7 0.9 1)
(0.7333333333 0.9 1)
(0.7666666667 0.9 1)
(0.8 0.9 1)
(0.8333333333 0.9 1)
(0.8666666667 0.9 1)
(0.9 0.9 1)
(0.9333333333 0.9 1)
(0.9666666667 0.9 1)
(1 0.9 1)
(0 0.9333333333 1)
(0.03333333333 0.9333333333 1)
(0.06666666667 0.9333333333 1)
(0.1 0.9333333333 1)
(0.1333333333 0.9333333333 1)
(0.1666666667 0.9333333333 1)
(0.2 0.9333333333 1)
(0.2333333333 0.9333333333 1)
(0.2666666667 0.9333333333 1)
(0.3 0.9333333333 1)
(0.3333333333 0.9333333333 1)
(0.3666666667 0.9333333333 1)
(0.4 0.9333333333 1)
(0.4333333333 0.9333333333 1)
(0.4666666667 0.9333333333 1)
(0.5 0.9333333333 1)
(0.5333333333 0.9333333333 1)
(0.5666666667 0.9333333333 1)
(0.6 0.9333333333 1)
(0.6333333333 0.9333333333 1)
(0.6666666667 0.9333333333 1)
(0.7 0.9333333333 1)
(0.7333333333 0.9333333333 1)
(0.7666666667 0.9333333333 1)
(0.8 0.9333333333 1)
(0.8333333333 0.9333333333 1)
(0.8666666667 0.9333333333 1)
(0.9 0.9333333333 1)
(0.9333333333 0.9333333333 1)
(0.9666666667 0.9333333333 1)
(1 0.9333333333 1)
(0 0.9666666667 1)
(0.03333333333 0.9666666667 1)
(0.06666666667 0.9666666667 1)
(0.1 0.9666666667 1)
(0.1333333333 0.9666666667 1)
(0.1666666667 0.9666666667 1)
(0.2 0.9666666667 1)
(0.2333333333 0.9666666667 1)
(0.2666666667 0.9666666667 1)
(0.3 0.9666666667 1)
(0.3333333333 0.9666666667 1)
(0.3666666667 0.9666666667 1)
(0.4 0.9666666667 1)
(0.4333333333 0.9666666667 1)
(0.4666666667 0.9666666667 1)
(0.5 0.9666666667 1)
(0.5333333333 0.9666666667 1)
(0.5666666667 0.9666666667 1)
(0.6 0.9666666667 1)
(0.6333333333 0.9666666667 1)
(0.6666666667 0.9666666667 1)
(0.7 0.9666666667 1)
(0.7333333333 0.9666666667 1)
(0.7666666667 0.9666666667 1)
(0.8 0.9666666667 1)
(0.8333333333 0.9666666667 1)
(0.8666666667 0.9666666667 1)
(0.9 0.9666666667 1)
(0.9333333333 0.9666666667 1)
(0.9666666667 0.9666666667 1)
(1 0.9666666667 1)
(0 1 1)
(0.03333333333 1 1)
(0.06666666667 1 1)
(0.1 1 1)
(0.1333333333 1 1)
(0.1666666667 1 1)
(0.2 1 1)
(0.2333333333 1 1)
(0.2666666667 1 1)
(0.3 1 1)
(0.3333333333 1 1)
(0.3666666667 1 1)
(0.4 1 1)
(0.4333333333 1 1)
(0.4666666667 1 1)
(0.5 1 1)
(0.5333333333 1 1)
(0.5666666667 1 1)
(0.6 1 1)
(0.6333333333 1 1)
(0.6666666667 1 1)
(0.7 1 1)
(0.7333333333 1 1)
(0.7666666667 1 1)
(0.8 1 1)
(0.8333333333 1 1)
(0.8666666667 1 1)
(0.9 1 1)
(0.9333333333 1 1)
(0.9666666667 1 1)
(1 1 1)
)


// ************************************************************************* //
